2976 
3261.326086956522 
3587.413043478261 
3913.5 
4239.586956521739 
4565.673913043478 
4891.760869565217 
5258.608695652174 
5584.695652173913 
5910.782608695652 
6236.869565217391 
6399.913043478261 
6522.195652173913 
6889.04347826087 
7215.130434782609 
7541.217391304348 
7908.065217391304 
8193.391304347826 
8397.195652173912 
8519.478260869564 
8723.28260869565 
8845.565217391302 
9008.608695652172 
9171.652173913042 
9334.695652173912 
9497.739130434782 
9660.782608695652 
9823.826086956522 
9986.869565217392 
10109.152173913044 
10272.195652173914 
10435.239130434784 
10802.08695652174 
11128.17391304348 
11413.500000000002 
11739.586956521742 
12473.282608695656 
13125.456521739134 
13492.30434782609 
13736.869565217394 
14062.956521739134 
14389.043478260874 
14674.369565217396 
15000.456521739135 
15326.543478260875 
15652.630434782615 
16019.478260869571 
16345.565217391311 
16630.89130434783 
16956.97826086957 
17283.06521739131 
17609.15217391305 
17935.23913043479 
18302.086956521747 
18628.173913043487 
18954.260869565227 
19280.347826086967 
19565.673913043487 
19891.760869565227 
20258.608695652183 
20584.695652173923 
20910.782608695663 
21236.869565217403 
21562.956521739143 
21889.043478260883 
22215.130434782623 
22541.217391304363 
22867.304347826102 
23193.391304347842 
23519.478260869582 
23845.565217391322 
24171.652173913062 
24497.739130434802 
24823.826086956542 
25149.913043478282 
25476.000000000022 
25802.08695652176 
26128.1739130435 
26454.26086956524 
26821.108695652198 
27106.434782608718 
27432.521739130458 
27758.608695652198 
28043.934782608718 
28370.021739130458 
28533.065217391326 
28696.108695652194 
29022.195652173934 
29348.282608695674 
29674.369565217414 
30041.21739130437 
30367.30434782611 
30693.39130434785 
31019.47826086959 
31141.76086956524 
31304.80434782611 
31671.652173913066 
31997.739130434806 
32323.826086956546 
32690.6739130435 
33302.086956521765 
33995.02173913046 
34606.434782608725 
35095.56521739133 
35258.608695652205 
35747.73913043481 
35910.782608695685 
36033.06521739134 
36196.10869565221 
36399.9130434783 
37052.08695652178 
37215.13043478265 
37704.26086956526 
37867.30434782613 
38315.67391304352 
38519.47826086961 
38682.52173913048 
38845.565217391355 
38967.84782608701 
39701.54347826092 
39823.82608695658 
40272.19565217397 
40435.23913043484 
40965.130434782666 
41128.17391304354 
41291.21739130441 
41454.26086956528 
41617.30434782615 
42269.47826086963 
42391.76086956529 
42921.65217391311 
43043.93478260877 
43736.869565217465 
44022.195652173985 
44389.043478260945